[
[0, 1060, 635, 0], 
[1, 1001, 600, -64], 
[2, 960, 549, -121], 
[3, 930, 510, -185], 
	[4, 915, 465, -247], 
[5, 1011, 450, -26], 
[6, 978, 400, -155], 
[7, 947, 412, -268], 
	[8, 927, 438, -328], 
[9, 1054, 433, -58], 
[10, 1050, 352, -136], 
[11, 1035, 301, -206], 
[12, 1018, 259, -251], 
[13, 1096, 443, -110], 
[14, 1113, 367, -184], 
[15, 1119, 316, -224], 
[16, 1120, 269, -247], 
[17, 1131, 475, -170], 
[18, 1156, 418, -220], 
[19, 1173, 380, -220], 
[20, 1187, 343, -215]
]